[
	{
		"index": 1,
		"quota": 2,
		"seed": 8931,
		"FC": [
			[51,411],
			[171,111],
			[411,351],
			[591,291],
			[111,231],
			[471,51],
			[291,591],
			[351,531],
			[531,171],
			[231,471],
			[201,261],
			[301,511],
			[151,341],
			[261,321],
			[231,71],
			[441,311],
			[461,461],
			[81,81],
			[571,561],
			[211,641],
			[301,251],
			[421,181],
			[581,201],
			[611,71],
			[601,441],
			[561,441],
			[461,381],
			[531,1],
			[11,201],
			[101,651],
			[431,221],
			[21,71],
			[101,411],
			[241,241],
			[501,21],
			[231,301],
			[281,481],
			[271,51],
			[211,601],
			[91,41],
			[631,591],
			[261,551],
			[371,341],
			[561,271],
			[191,401],
			[321,551],
			[191,351],
			[521,631],
			[31,331],
			[601,531],
			[521,321],
			[311,171],
			[401,81],
			[61,261],
			[131,11],
			[131,121],
			[331,471],
			[521,281],
			[251,201],
			[61,211],
			[201,441],
			[151,391],
			[11,461],
			[1,261],
			[301,431],
			[471,341],
			[51,121],
			[551,391],
			[621,181],
			[551,121],
			[71,241],
			[191,541],
			[651,641],
			[421,251],
			[501,441],
			[371,41],
			[621,161],
			[161,21],
			[391,651],
			[1,481],
			[258,8],
			[183,383],
			[85,597],
			[552,35],
			[582,386],
			[604,55],
			[43,526],
			[410,399],
			[117,97],
			[155,141],
			[334,315],
			[64,373],
			[404,303],
			[253,400],
			[319,295],
			[28,20],
			[46,338],
			[280,199],
			[179,42],
			[124,198],
			[560,122],
			[49,385],
			[359,440],
			[136,255],
			[578,341],
			[497,574],
			[241,467],
			[416,60],
			[473,391],
			[166,312]
		],
		"speedM": [
			[6.341790167,5.648249725,4.329866711,9.937920925,7.232625171,8.398055957,10.47820594,23.60034801,4.945259822,5.671281517],
			[15.19677302,18.31423729,3.828286571,7.640345001,5.933948359,6.696369511,7.955724275,5.323615829,4.301568927,4.840588213],
			[8.969926418,17.26212716,3.780126313,7.450892936,5.819034413,6.550392395,7.750518982,5.230940416,4.24085913,4.763846072],
			[8.741804226,7.476374189,6.881818033,17.44185621,10.5295231,29.91179798,19.17734424,8.74956012,8.578515023,8.736184105],
			[9.440704889,7.2952545,5.236057027,16.4869365,10.1737889,12.64149139,18.02919339,8.502519679,6.16358432,7.333722317],
			[10.25102304,8.553364891,5.85407953,24.69640403,12.79927251,16.96576363,28.32601097,10.26168975,7.038243669,8.606292925],
			[5.530117582,4.995259622,4.245769354,8.079602352,6.195549526,8.087359061,8.433126478,5.533220405,4.83586058,101.5351252],
			[7.907205956,6.857359048,5.006590402,14.40768398,25.80365304,11.38201361,15.57173389,7.913551064,5.848070051,6.891336671],
			[6.989085587,6.156041593,4.622139141,11.62510618,8.08679164,9.572013447,12.37130197,36.0122776,5.330209251,6.183410805],
			[6.962540401,6.135437913,4.610514218,11.55184969,8.051274452,9.522292144,12.28837277,35.31845259,5.314755807,6.162623822],
			[8.171763273,7.055449023,5.111365962,15.3108651,28.85179336,11.93835925,16.63212392,8.178540252,5.991530196,7.091423186],
			[5.696404069,5.130542604,4.343106516,8.43954285,6.405019657,8.448006426,8.826020432,5.699696351,4.962538064,40.34987053],
			[8.157010165,7.044448625,5.105590062,15.259156,28.66872306,11.90689771,16.571123,8.163762686,5.983595383,7.080310413],
			[13.94442127,16.52560651,3.743589744,7.310264031,5.732903555,6.441453146,7.598467725,5.161234985,4.194927536,4.705964597],
			[7.158459449,6.287067178,4.695614533,12.10135897,19.23737583,9.892580857,12.91207875,7.163659397,5.428158989,6.315616546],
			[6.067406181,5.429562918,4.200182672,9.280263584,6.877897179,7.923549256,9.749717312,20.20073554,4.776809869,5.450842404],
			[5.717081617,5.147310072,4.355115993,8.485009728,6.431173442,8.493564789,8.875759117,5.720397851,4.978223699,41.41078274],
			[6.419258301,5.709618485,4.365839046,10.12948285,7.333559088,8.534445299,10.69138637,24.71008221,4.992239594,5.733154524],
			[6.320896497,5.631670078,4.320116945,9.886708956,7.205461906,8.36145564,10.42129017,112.4321418,4.932545757,5.654566581],
			[38.06627105,10.02271927,4.283218418,9.695561717,7.10339821,8.224327809,10.20913495,6.246170772,4.884502246,5.591518426],
			[11.83281325,9.627180682,6.337916194,36.42822376,15.36358903,21.78566138,44.91806313,11.84702809,7.749509918,9.694284546],
			[5.516145525,4.983856759,4.237528744,8.049812658,6.178018018,8.057512246,8.400678081,5.519232684,4.82517306,32.7655176],
			[5.25134696,4.766690809,15.34740385,7.498060651,5.84776393,9.135248532,7.801569522,5.254144764,27.45936151,5.24931836],
			[30.40092234,9.39875366,4.16505163,9.1104768,6.784193558,7.79944521,9.562491573,5.99801399,4.731422796,5.391822073],
			[9.096110533,7.087764237,5.128304812,15.46386492,9.774731327,12.03117589,16.81282533,8.221993882,6.01481826,7.124069539],
			[4.656717068,4.271580724,11.17645288,6.341795685,5.119757236,7.474829102,6.557567889,4.658917001,16.46532896,4.6551218],
			[15.45443658,18.68976423,3.844433325,7.704929769,5.972832504,6.745929322,8.02577541,5.354891442,4.321965473,4.866432065],
			[8.940414635,7.621169983,7.004311207,18.25079908,10.81901724,146,20.15981176,8.948527118,8.769693861,8.934536325],
			[8.305919868,7.155232101,5.163532547,15.78867363,30.59663063,12.22687439,17.19747862,8.312921286,6.063335725,7.192233672],
			[32.00547783,9.546721794,4.193857281,9.249440132,6.860952022,7.901068489,9.715702212,6.05793453,4.768630174,5.440194024]
		],
		"BoneNodeSize": 10,
		"BoneEdgeSize": 12,
		"ApNodeSize": 60,
		"StorageNodeSize": 10,
		"LocationScale": 600,
		"LocationSize": 30,
		"StorageBegin": 71,
		"StorageEnd": 80,
		"LocationBegin": 81,
		"LocationEnd": 110,
		"NumberOfUsers": 5,
		"MinVisitedLocationsSize": 2,
		"MaxVisitedLocationsSize": 6,
		"bTri": 0,
		"ULocPattern": [
			{
				"UserLocationCounts": 2,
				"UserLocationPr": [0.5550598237,0.4449401763],
				"UserReadPr": [0.8940987546,0.2189375988],
				"UserUpdatePr": [0.1059012454,0.7810624012],
				"UserLocationIndex": [5,29],
				"UserReadMegabytesPerOp": [3.692415341,12.16838318],
				"UserWriteMegabytesPerOp": [2.103377449,4.176967509]
			},
			{
				"UserLocationCounts": 3,
				"UserLocationPr": [0.4128121119,0.3901403035,0.1970475846],
				"UserReadPr": [0.842019932,0.7645903735,0.2601323628],
				"UserUpdatePr": [0.157980068,0.2354096265,0.7398676372],
				"UserLocationIndex": [7,3,21],
				"UserReadMegabytesPerOp": [7.410148169,14.42107738,28.09959843],
				"UserWriteMegabytesPerOp": [3.335233691,11.85334419,2.735822949]
			},
			{
				"UserLocationCounts": 4,
				"UserLocationPr": [0.3702558453,0.2874143744,0.1757713895,0.1665583909],
				"UserReadPr": [0.8472002141,0.7859934063,0.8607603665,0.2280597827],
				"UserUpdatePr": [0.1527997859,0.2140065937,0.1392396335,0.7719402173],
				"UserLocationIndex": [30,22,7,13],
				"UserReadMegabytesPerOp": [6.87000604,8.316909303,27.86238187,3.730299736],
				"UserWriteMegabytesPerOp": [2.758044304,4.081859125,24.7589606,2.224853576]
			},
			{
				"UserLocationCounts": 5,
				"UserLocationPr": [0.2244819994,0.2114083058,0.2016418566,0.1841886882,0.1782791499],
				"UserReadPr": [0.8499655535,0.8912097853,0.8770916483,0.1699495292,0.254007165],
				"UserUpdatePr": [0.1500344465,0.1087902147,0.1229083517,0.8300504708,0.745992835],
				"UserLocationIndex": [29,26,11,25,12],
				"UserReadMegabytesPerOp": [9.233196813,26.65138303,12.71766688,11.88172081,19.76078937],
				"UserWriteMegabytesPerOp": [5.454882968,5.875497073,4.417841615,3.546981052,3.848908724]
			},
			{
				"UserLocationCounts": 6,
				"UserLocationPr": [0.2139661604,0.1946801825,0.184189168,0.1792238336,0.1210361583,0.1069044972],
				"UserReadPr": [0.8001133974,0.7242209378,0.8690464484,0.8929415587,0.1368026482,0.2513508928],
				"UserUpdatePr": [0.1998866026,0.2757790622,0.1309535516,0.1070584413,0.8631973518,0.7486491072],
				"UserLocationIndex": [7,30,5,25,20,10],
				"UserReadMegabytesPerOp": [23.99416414,23.04087641,3.60074622,23.68440665,20.62182627,7.17852821],
				"UserWriteMegabytesPerOp": [5.584958714,3.810338726,1.389850804,20.30129892,7.237929013,3.501190059]
			}
		]
	},
	{
		"index": 2,
		"quota": 2,
		"seed": 5179,
		"FC": [
			[471,51],
			[411,291],
			[591,171],
			[171,351],
			[531,411],
			[351,231],
			[231,111],
			[111,591],
			[291,531],
			[51,471],
			[61,91],
			[421,241],
			[411,641],
			[651,561],
			[151,401],
			[11,611],
			[651,651],
			[651,171],
			[381,341],
			[161,21],
			[41,201],
			[1,81],
			[551,261],
			[281,31],
			[21,161],
			[31,521],
			[51,581],
			[521,181],
			[451,551],
			[521,61],
			[111,391],
			[131,451],
			[631,61],
			[41,291],
			[411,41],
			[631,501],
			[201,41],
			[641,101],
			[561,51],
			[571,501],
			[61,141],
			[271,131],
			[151,541],
			[511,111],
			[321,211],
			[41,331],
			[471,621],
			[71,261],
			[381,161],
			[521,341],
			[131,141],
			[161,171],
			[481,481],
			[381,491],
			[631,591],
			[631,1],
			[301,581],
			[191,471],
			[251,621],
			[171,101],
			[611,351],
			[331,71],
			[81,61],
			[621,291],
			[321,621],
			[591,561],
			[161,281],
			[171,441],
			[521,531],
			[471,151],
			[81,191],
			[551,181],
			[601,441],
			[11,491],
			[381,621],
			[231,41],
			[391,391],
			[181,631],
			[611,641],
			[451,1],
			[234,144],
			[599,227],
			[324,486],
			[570,291],
			[49,390],
			[483,265],
			[407,568],
			[476,410],
			[358,125],
			[122,28],
			[371,404],
			[31,271],
			[245,109],
			[387,64],
			[419,469],
			[138,114],
			[210,567],
			[201,124],
			[219,502],
			[191,18],
			[68,86],
			[402,100],
			[227,564],
			[194,436],
			[332,113],
			[241,592],
			[481,181],
			[70,550],
			[500,163],
			[518,79]
		],
		"speedM": [
			[4.693742635,9.531091913,5.200819327,9.963885005,8.076800793,32.18421171,6.88370773,8.439301791,4.724962764,12.90853394],
			[6.605606228,23.11778973,7.656126369,5.792161878,6.765470839,8.399143526,11.96064856,7.017977787,6.667607377,13.03864453],
			[6.233370039,7.69723045,7.160520235,11.70797479,16.50869706,8.329247155,10.79356332,18.09759892,6.288551162,6.121628798],
			[6.793268016,25.5919896,7.909368117,5.935947399,6.962461321,8.704905507,12.59041451,7.23017779,6.858859536,13.79061448],
			[13.46762429,7.54695298,7.030291844,5.426690938,6.272084629,4.800610602,10.50036795,6.488516205,6.18788567,6.026195928],
			[9.48497337,13.34758543,11.81227233,7.893253487,9.818096699,6.63468987,26.55981221,10.35898531,9.613332604,9.228644442],
			[6.570743601,8.218292829,14.17885215,5.765339425,6.728905017,5.063732125,11.84683604,6.97863948,11.12445379,6.446699662],
			[6.992924409,8.889545959,16.30271317,6.087826475,7.172340487,5.310823582,13.29387081,7.456770208,12.39096475,6.852598549],
			[3.743589744,4.22630541,4.05924744,9.676174473,5.978338428,5.60322595,5.016448067,6.17465479,3.763422738,4.447100545],
			[4.433526646,8.516128794,4.88324481,8.859991011,7.335902948,22.94861835,6.338138891,7.633722541,4.461370841,11.11449438],
			[9.410911404,13.20138468,11.6976264,7.841895906,9.738762849,6.598366636,56.95002257,10.27070882,9.537260566,9.158516599],
			[14.35296683,7.817161724,7.264196906,5.565009236,6.457592,4.908536879,11.03087754,6.687249945,6.368374159,6.197244939],
			[4.714220196,9.615908753,5.225972221,10.05661702,8.137626366,33.17223388,6.92784134,8.50573226,4.745714243,13.06460497],
			[5.865578664,16.03686323,6.679403954,6.823112194,5.991289524,12.94174011,9.736424299,6.188471408,5.914414616,76.45332401],
			[6.327548658,7.841348765,7.285078551,12.04469685,17.18616003,8.498263957,11.0791009,18.91497249,6.384417423,6.212436539],
			[4.510095474,8.803206902,4.976298121,9.171143822,7.547933572,25.15955581,6.495795075,7.86358819,4.538912862,11.60856044],
			[5.274664863,6.286323142,5.923703905,16.60577374,11.1442002,7.388688835,8.209745766,11.8462933,5.314123634,5.502396113],
			[4.636387638,9.297540246,5.130495368,9.708924977,7.908454621,29.66769975,6.761046146,8.25567694,4.666846967,12.48381986],
			[6.214711734,7.66879958,7.135909635,11.64232253,16.37846608,8.295965801,10.73774123,17.94121179,6.269561552,6.10363248],
			[4.626352513,9.257272675,5.118210182,9.665023576,7.879301593,146,6.739727454,8.223912917,4.6566797,12.41133118],
			[4.343247127,8.189159534,4.773946999,8.5066319,7.091983371,20.71936997,6.155231393,7.369951934,4.369965473,10.56401135],
			[5.706797079,14.90317153,6.474275584,6.609203481,5.825725059,12.19321277,9.306603391,6.011990191,5.753014417,56.10616441],
			[6.201278564,7.648355303,7.118204628,11.59526851,16.28549444,8.272046076,10.69770255,48.19585482,6.255890479,6.090674716],
			[16.57194083,8.432085456,7.792263111,5.869744153,6.87155628,5.144095066,12.29625496,7.132196681,6.770622568,6.577520142],
			[4.447412707,8.567511771,4.900096188,8.915620772,7.373998913,23.32559249,6.366556575,7.674983197,4.475432146,11.2021772],
			[6.424049566,7.990089331,7.413291636,12.39924745,17.91719104,8.67324823,11.37837687,65.97761986,6.482674195,6.305432452],
			[5.64260086,14.47316034,6.391776252,6.523252469,5.758840979,11.90384959,9.137077436,5.940786923,5.687780125,24.01435019],
			[5.435760661,6.516488166,6.127650444,18.31454645,11.88860436,7.708709538,8.606752658,12.69100292,5.477676069,5.677934142],
			[7.101636996,136.7625745,8.330528803,6.170053336,7.286748705,9.217795963,13.69233707,7.580510676,7.173349935,15.12375765],
			[6.022951075,17.27063898,6.884237923,7.036996159,6.155574286,13.73347835,10.17785672,6.36390613,6.074454205,32.84061964]
		],
		"BoneNodeSize": 10,
		"BoneEdgeSize": 12,
		"ApNodeSize": 60,
		"StorageNodeSize": 10,
		"LocationScale": 600,
		"LocationSize": 30,
		"StorageBegin": 71,
		"StorageEnd": 80,
		"LocationBegin": 81,
		"LocationEnd": 110,
		"NumberOfUsers": 5,
		"MinVisitedLocationsSize": 2,
		"MaxVisitedLocationsSize": 6,
		"bTri": 0,
		"ULocPattern": [
			{
				"UserLocationCounts": 2,
				"UserLocationPr": [0.5168013262,0.4831986738],
				"UserReadPr": [0.7971586439,0.2432864429],
				"UserUpdatePr": [0.2028413561,0.7567135571],
				"UserLocationIndex": [5,15],
				"UserReadMegabytesPerOp": [5.007418663,8.216609472],
				"UserWriteMegabytesPerOp": [1.635589294,7.172544587]
			},
			{
				"UserLocationCounts": 3,
				"UserLocationPr": [0.3914837305,0.3861430703,0.2223731992],
				"UserReadPr": [0.7355472038,0.7134762024,0.1547061004],
				"UserUpdatePr": [0.2644527962,0.2865237976,0.8452938996],
				"UserLocationIndex": [6,3,13],
				"UserReadMegabytesPerOp": [12.70672537,19.28621855,8.175833749],
				"UserWriteMegabytesPerOp": [5.983166976,13.88638174,5.307480137]
			},
			{
				"UserLocationCounts": 4,
				"UserLocationPr": [0.2950176127,0.2875075652,0.2366472462,0.1808275759],
				"UserReadPr": [0.8993481541,0.8016632011,0.8175503383,0.1802086031],
				"UserUpdatePr": [0.1006518459,0.1983367989,0.1824496617,0.8197913969],
				"UserLocationIndex": [28,30,22,14],
				"UserReadMegabytesPerOp": [16.86455941,3.251606589,19.43027498,24.37607746],
				"UserWriteMegabytesPerOp": [2.675739799,2.578858579,2.8330918,22.26961339]
			},
			{
				"UserLocationCounts": 5,
				"UserLocationPr": [0.2819673624,0.2357622556,0.2171167052,0.1351132905,0.1300403863],
				"UserReadPr": [0.876065357,0.7333781664,0.7124821728,0.1658521155,0.2555429788],
				"UserUpdatePr": [0.123934643,0.2666218336,0.2875178272,0.8341478845,0.7444570212],
				"UserLocationIndex": [3,4,13,15,5],
				"UserReadMegabytesPerOp": [22.58064583,16.10431573,17.98259463,13.52084443,3.596821411],
				"UserWriteMegabytesPerOp": [10.18140655,5.972665476,5.63055681,7.143959481,3.077621255]
			},
			{
				"UserLocationCounts": 6,
				"UserLocationPr": [0.2386589103,0.1722232899,0.1693544602,0.1687849844,0.164346857,0.0866314982],
				"UserReadPr": [0.804783025,0.8156595011,0.775188169,0.7841536316,0.2768907425,0.1650598553],
				"UserUpdatePr": [0.195216975,0.1843404989,0.224811831,0.2158463684,0.7231092575,0.8349401447],
				"UserLocationIndex": [26,21,20,4,19,3],
				"UserReadMegabytesPerOp": [8.431630913,23.74454879,7.821724408,27.01908673,26.46302897,17.36008657],
				"UserWriteMegabytesPerOp": [4.517704161,6.299383962,2.411671472,5.104623303,5.524461082,5.121524892]
			}
		]
	}
]
